nbond 226
1 2 4.312935
1 3 3.837246
3 4 4.628708
4 5 4.287053
4 6 3.801871
6 7 4.681390
7 8 4.945113
7 9 3.843102
9 10 4.723060
10 11 4.913363
10 12 3.834353
12 13 4.520726
13 14 4.764026
13 15 3.763243
15 16 4.669854
16 17 4.344372
16 18 3.735215
18 19 4.419044
19 20 4.392204
19 21 3.957803
21 22 4.237645
22 23 4.178405
22 24 3.710441
24 25 3.895899
25 26 4.889404
25 27 3.792911
27 28 4.478099
28 29 4.743205
28 30 3.695523
30 31 4.544359
31 32 4.288183
31 33 3.771054
33 34 4.612238
34 35 4.403453
34 36 3.813878
36 37 4.827313
37 38 4.549351
37 39 3.860959
39 40 4.854013
40 41 4.945949
40 42 3.746390
42 43 4.681049
43 44 4.910279
43 45 3.583991
45 46 4.136039
46 47 4.446474
46 48 3.420978
48 49 4.566990
49 50 4.136327
49 51 3.948726
51 52 4.299604
52 53 5.047244
52 54 3.675799
54 55 4.236336
55 56 4.841766
55 57 3.678041
57 58 4.298582
58 59 4.666116
58 60 3.750993
60 61 4.842472
61 62 5.110758
61 63 3.878321
63 64 4.791093
64 65 4.943823
64 66 3.902105
66 67 4.583152
67 68 4.859371
67 69 3.786459
69 70 4.465433
70 71 4.910841
70 72 3.821513
72 73 4.645940
73 74 4.230555
73 75 3.844123
75 76 4.583465
76 77 5.132097
76 78 3.732803
78 79 4.612106
79 80 4.296466
79 81 3.780333
81 82 4.611428
82 83 4.194173
82 84 3.857244
84 85 4.741042
85 86 4.766723
85 87 3.825468
87 88 4.668264
88 89 4.878345
88 90 3.819842
90 91 4.560104
91 92 4.833671
91 93 3.785179
93 94 4.631706
94 95 3.975358
94 96 3.813786
96 97 4.530914
97 98 4.319044
97 99 3.848098
99 100 4.493157
100 101 4.493925
100 102 3.786435
102 103 4.643506
103 104 4.945966
103 105 3.795526
105 106 4.767021
106 107 5.114228
106 108 3.791056
108 109 4.623939
109 110 7.863561
109 111 3.781994
111 112 4.461646
112 113 4.653335
112 114 3.718772
114 115 4.609025
115 116 4.328962
115 117 3.733895
117 118 4.644965
118 119 4.258807
118 120 3.797851
120 121 4.610662
121 122 4.191393
121 123 3.724682
123 124 4.673396
124 125 4.959020
124 126 3.792102
126 127 4.580260
127 128 4.936628
127 129 3.820076
129 130 4.671575
130 131 4.852582
130 132 3.854362
132 133 4.520945
133 134 5.030004
133 135 3.792873
135 136 4.074186
136 137 4.990650
136 138 3.707713
138 139 4.294946
139 140 4.430283
139 141 3.636662
141 142 4.707171
142 143 4.440143
142 144 3.938090
144 145 4.479484
145 146 4.246809
145 147 3.756776
147 148 4.553551
148 149 4.247377
148 150 3.869350
150 151 4.563713
151 152 5.021615
151 153 3.898548
153 154 4.596434
154 155 4.213506
154 156 3.838914
156 157 4.659047
157 158 4.894417
157 159 3.871888
159 160 4.569023
160 161 4.287366
160 162 3.831482
162 163 4.605110
163 164 4.385121
163 165 3.802435
165 166 4.524078
166 167 4.218487
166 168 3.783360
168 169 4.634578
169 170 4.984086
169 171 3.809418
171 172 4.101438
172 173 5.186920
172 174 3.738637
174 175 4.560845
175 176 4.403332
175 177 3.949760
177 178 4.318250
178 179 4.304622
178 180 3.821017
180 181 4.471781
181 182 4.389501
181 183 3.807375
183 184 4.637905
184 185 4.906856
184 186 3.811012
186 187 4.663855
187 188 4.312002
187 189 3.835344
189 190 4.586419
190 191 4.791575
190 192 3.915995
192 193 4.590541
193 194 4.846041
193 195 3.868350
195 196 4.510306
196 197 4.925669
196 198 3.827994
198 199 4.590094
199 200 4.851245
199 201 3.848350
201 202 4.558120
202 203 4.253294
202 204 3.755069
204 205 4.559816
205 206 4.288043
205 207 3.784213
207 208 4.587420
208 209 4.307407
208 210 3.778884
210 211 4.620661
211 212 4.882629
211 213 3.828416
213 214 4.628040
214 215 4.241016
214 216 3.877978
216 217 4.596257
217 218 4.805842
217 219 3.844705
219 220 4.506520
220 221 4.276460
220 222 3.804682
222 223 4.533826
223 224 4.274476
223 225 3.504616
225 226 4.974822
226 227 4.695760
