ntorsion 147
1  3  4  6  3.120067 3.141593  2.400000  1.200000  1.200000  0.000000
3  4  6  7  3.781605 3.141593  2.400000  1.200000  1.200000  0.000000
4  6  7  9  2.918812 3.141593  2.400000  1.200000  1.200000  0.000000
6  7  9  10 3.614691 3.141593  2.400000  1.200000  1.200000  0.000000
7  9  10 12 2.992329 3.141593  2.400000  1.200000  1.200000  0.000000
9  10 12 13 3.737557 3.141593  2.400000  1.200000  1.200000  0.000000
10 12 13 15 3.069068 3.141593  2.400000  1.200000  1.200000  0.000000
12 13 15 16 3.880595 3.141593  2.400000  1.200000  1.200000  0.000000
13 15 16 18 3.149744 3.141593  2.400000  1.200000  1.200000  0.000000
15 16 18 19 3.729302 3.141593  2.400000  1.200000  1.200000  0.000000
16 18 19 21 3.983032 3.141593  2.400000  1.200000  1.200000  0.000000
18 19 21 22 5.111963 5.227261  4.600000 -1.000000  1.600000  2.000000
19 21 22 24 3.148091 3.141593  2.400000  1.200000  1.200000  0.000000
21 22 24 25 3.124243 3.141593  2.400000  1.200000  1.200000  0.000000
22 24 25 27 3.989728 3.141593  1.200000  0.600000  0.600000  0.000000
24 25 27 28 4.904962 5.227261  4.600000 -1.000000  1.600000  2.000000
25 27 28 30 1.139598 1.055924  4.600000 -1.000000  1.600000 -2.000000
27 28 30 31 3.868348 3.141593  2.400000  1.200000  1.200000  0.000000
28 30 31 33 3.126237 3.141593  2.400000  1.200000  1.200000  0.000000
30 31 33 34 3.909290 3.141593  2.400000  1.200000  1.200000  0.000000
31 33 34 36 2.915517 3.141593  2.400000  1.200000  1.200000  0.000000
33 34 36 37 3.988229 3.141593  2.400000  1.200000  1.200000  0.000000
34 36 37 39 3.128089 3.141593  2.400000  1.200000  1.200000  0.000000
36 37 39 40 3.161349 3.141593  2.400000  1.200000  1.200000  0.000000
37 39 40 42 3.098944 3.141593  2.400000  1.200000  1.200000  0.000000
39 40 42 43 3.852963 3.141593  2.400000  1.200000  1.200000  0.000000
40 42 43 45 3.066051 3.141593  1.200000  0.600000  0.600000  0.000000
42 43 45 46 3.164444 3.141593  1.200000  0.600000  0.600000  0.000000
43 45 46 48 4.489999 5.227261  2.300000 -0.500000  0.800000  1.000000
45 46 48 49 4.404293 5.227261  2.300000 -0.500000  0.800000  1.000000
46 48 49 51 0.229599 1.055924  2.300000 -0.500000  0.800000 -1.000000
48 49 51 52 4.749966 5.227261  2.300000 -0.500000  0.800000  1.000000
49 51 52 54 0.383568 1.055924  2.300000 -0.500000  0.800000 -1.000000
51 52 54 55 3.237543 3.141593  1.200000  0.600000  0.600000  0.000000
52 54 55 57 4.308331 5.227261  2.300000 -0.500000  0.800000  1.000000
54 55 57 58 4.905569 5.227261  2.300000 -0.500000  0.800000  1.000000
55 57 58 60 3.301901 3.141593  1.200000  0.600000  0.600000  0.000000
57 58 60 61 4.434633 5.227261  2.300000 -0.500000  0.800000  1.000000
58 60 61 63 4.862008 5.227261  2.300000 -0.500000  0.800000  1.000000
60 61 63 64 2.787920 3.141593  2.400000  1.200000  1.200000  0.000000
61 63 64 66 2.750630 3.141593  2.400000  1.200000  1.200000  0.000000
63 64 66 67 2.997890 3.141593  2.400000  1.200000  1.200000  0.000000
64 66 67 69 3.277530 3.141593  2.400000  1.200000  1.200000  0.000000
66 67 69 70 3.842557 3.141593  2.400000  1.200000  1.200000  0.000000
67 69 70 72 2.994275 3.141593  2.400000  1.200000  1.200000  0.000000
69 70 72 73 3.871769 3.141593  2.400000  1.200000  1.200000  0.000000
70 72 73 75 2.979388 3.141593  2.400000  1.200000  1.200000  0.000000
72 73 75 76 3.930634 3.141593  2.400000  1.200000  1.200000  0.000000
73 75 76 78 3.232472 3.141593  2.400000  1.200000  1.200000  0.000000
75 76 78 79 3.993942 3.141593  2.400000  1.200000  1.200000  0.000000
76 78 79 81 3.017423 3.141593  2.400000  1.200000  1.200000  0.000000
78 79 81 82 3.814655 3.141593  2.400000  1.200000  1.200000  0.000000
79 81 82 84 2.866669 3.141593  2.400000  1.200000  1.200000  0.000000
81 82 84 85 3.761818 3.141593  2.400000  1.200000  1.200000  0.000000
82 84 85 87 2.975917 3.141593  2.400000  1.200000  1.200000  0.000000
84 85 87 88 3.596865 3.141593  2.400000  1.200000  1.200000  0.000000
85 87 88 90 3.288344 3.141593  2.400000  1.200000  1.200000  0.000000
87 88 90 91 4.059645 3.141593  2.400000  1.200000  1.200000  0.000000
88 90 91 93 3.079669 3.141593  2.400000  1.200000  1.200000  0.000000
90 91 93 94 3.951121 3.141593  2.400000  1.200000  1.200000  0.000000
91 93 94 96 3.053361 3.141593  2.400000  1.200000  1.200000  0.000000
93 94 96 97 3.866130 3.141593  2.400000  1.200000  1.200000  0.000000
94 96 97 99 3.025736 3.141593  1.200000  0.600000  0.600000  0.000000
96 97 99 100 4.008738 3.141593  1.200000  0.600000  0.600000  0.000000
97 99 100 102 0.827546 1.055924  2.300000 -0.500000  0.800000 -1.000000
99 100 102 103 4.005240 3.141593  1.200000  0.600000  0.600000  0.000000
100 102 103 105 3.043167 3.141593  1.200000  0.600000  0.600000  0.000000
102 103 105 106 4.031492 3.141593  1.200000  0.600000  0.600000  0.000000
103 105 106 108 3.002464 3.141593  1.200000  0.600000  0.600000  0.000000
105 106 108 109 3.310311 3.141593  1.200000  0.600000  0.600000  0.000000
106 108 109 111 2.987068 3.141593  1.200000  0.600000  0.600000  0.000000
108 109 111 112 3.935514 3.141593  1.200000  0.600000  0.600000  0.000000
109 111 112 114 3.145753 3.141593  1.200000  0.600000  0.600000  0.000000
111 112 114 115 3.969191 3.141593  2.400000  1.200000  1.200000  0.000000
112 114 115 117 3.225205 3.141593  2.400000  1.200000  1.200000  0.000000
114 115 117 118 3.987942 3.141593  2.400000  1.200000  1.200000  0.000000
115 117 118 120 3.018808 3.141593  2.400000  1.200000  1.200000  0.000000
117 118 120 121 3.678983 3.141593  2.400000  1.200000  1.200000  0.000000
118 120 121 123 3.041470 3.141593  2.400000  1.200000  1.200000  0.000000
120 121 123 124 3.713006 3.141593  2.400000  1.200000  1.200000  0.000000
121 123 124 126 3.131415 3.141593  2.400000  1.200000  1.200000  0.000000
123 124 126 127 3.628801 3.141593  2.400000  1.200000  1.200000  0.000000
124 126 127 129 3.141956 3.141593  2.400000  1.200000  1.200000  0.000000
126 127 129 130 3.647144 3.141593  2.400000  1.200000  1.200000  0.000000
127 129 130 132 3.212100 3.141593  2.400000  1.200000  1.200000  0.000000
129 130 132 133 4.155002 3.141593  2.400000  1.200000  1.200000  0.000000
130 132 133 135 3.169579 3.141593  1.200000  0.600000  0.600000  0.000000
132 133 135 136 3.948347 3.141593  1.200000  0.600000  0.600000  0.000000
133 135 136 138 4.073430 3.141593  1.200000  0.600000  0.600000  0.000000
135 136 138 139 3.848978 3.141593  1.200000  0.600000  0.600000  0.000000
136 138 139 141 0.080729 1.055924  2.300000 -0.500000  0.800000 -1.000000
138 139 141 142 4.607683 5.227261  2.300000 -0.500000  0.800000  1.000000
139 141 142 144 5.442623 5.227261  2.300000 -0.500000  0.800000  1.000000
141 142 144 145 0.354995 1.055924  4.600000 -1.000000  1.600000 -2.000000
142 144 145 147 5.581144 5.227261  4.600000 -1.000000  1.600000  2.000000
144 145 147 148 3.807812 3.141593  2.400000  1.200000  1.200000  0.000000
145 147 148 150 3.141629 3.141593  2.400000  1.200000  1.200000  0.000000
147 148 150 151 3.763831 3.141593  2.400000  1.200000  1.200000  0.000000
148 150 151 153 3.092256 3.141593  2.400000  1.200000  1.200000  0.000000
150 151 153 154 3.711284 3.141593  2.400000  1.200000  1.200000  0.000000
151 153 154 156 2.914092 3.141593  2.400000  1.200000  1.200000  0.000000
153 154 156 157 3.714424 3.141593  2.400000  1.200000  1.200000  0.000000
154 156 157 159 3.238885 3.141593  2.400000  1.200000  1.200000  0.000000
156 157 159 160 3.820604 3.141593  2.400000  1.200000  1.200000  0.000000
157 159 160 162 3.105126 3.141593  2.400000  1.200000  1.200000  0.000000
159 160 162 163 4.050176 3.141593  2.400000  1.200000  1.200000  0.000000
160 162 163 165 3.105313 3.141593  1.200000  0.600000  0.600000  0.000000
162 163 165 166 4.033829 3.141593  1.200000  0.600000  0.600000  0.000000
163 165 166 168 0.856700 1.055924  2.300000 -0.500000  0.800000 -1.000000
165 166 168 169 3.966274 3.141593  1.200000  0.600000  0.600000  0.000000
166 168 169 171 3.059788 3.141593  1.200000  0.600000  0.600000  0.000000
168 169 171 172 3.828477 3.141593  1.200000  0.600000  0.600000  0.000000
169 171 172 174 4.586472 5.227261  2.300000 -0.500000  0.800000  1.000000
171 172 174 175 3.656585 3.141593  1.200000  0.600000  0.600000  0.000000
172 174 175 177 0.144691 1.055924  2.300000 -0.500000  0.800000 -1.000000
174 175 177 178 4.237555 5.227261  2.300000 -0.500000  0.800000  1.000000
175 177 178 180 4.021852 3.141593  1.200000  0.600000  0.600000  0.000000
177 178 180 181 5.036709 5.227261  4.600000 -1.000000  1.600000  2.000000
178 180 181 183 2.534948 3.141593  2.400000  1.200000  1.200000  0.000000
180 181 183 184 3.676658 3.141593  2.400000  1.200000  1.200000  0.000000
181 183 184 186 3.143222 3.141593  2.400000  1.200000  1.200000  0.000000
183 184 186 187 3.767642 3.141593  2.400000  1.200000  1.200000  0.000000
184 186 187 189 2.983294 3.141593  2.400000  1.200000  1.200000  0.000000
186 187 189 190 3.689522 3.141593  2.400000  1.200000  1.200000  0.000000
187 189 190 192 2.822638 3.141593  2.400000  1.200000  1.200000  0.000000
189 190 192 193 3.620392 3.141593  2.400000  1.200000  1.200000  0.000000
190 192 193 195 3.161729 3.141593  2.400000  1.200000  1.200000  0.000000
192 193 195 196 3.715305 3.141593  2.400000  1.200000  1.200000  0.000000
193 195 196 198 3.241629 3.141593  2.400000  1.200000  1.200000  0.000000
195 196 198 199 3.785286 3.141593  2.400000  1.200000  1.200000  0.000000
196 198 199 201 3.038474 3.141593  2.400000  1.200000  1.200000  0.000000
198 199 201 202 3.660647 3.141593  2.400000  1.200000  1.200000  0.000000
199 201 202 204 3.050296 3.141593  2.400000  1.200000  1.200000  0.000000
201 202 204 205 3.881853 3.141593  2.400000  1.200000  1.200000  0.000000
202 204 205 207 3.025101 3.141593  2.400000  1.200000  1.200000  0.000000
204 205 207 208 3.491497 3.141593  2.400000  1.200000  1.200000  0.000000
205 207 208 210 3.001348 3.141593  2.400000  1.200000  1.200000  0.000000
207 208 210 211 3.728348 3.141593  2.400000  1.200000  1.200000  0.000000
208 210 211 213 2.919859 3.141593  2.400000  1.200000  1.200000  0.000000
210 211 213 214 3.771052 3.141593  2.400000  1.200000  1.200000  0.000000
211 213 214 216 3.058666 3.141593  2.400000  1.200000  1.200000  0.000000
213 214 216 217 3.791605 3.141593  2.400000  1.200000  1.200000  0.000000
214 216 217 219 3.059844 3.141593  2.400000  1.200000  1.200000  0.000000
216 217 219 220 3.898511 3.141593  2.400000  1.200000  1.200000  0.000000
217 219 220 222 3.160769 3.141593  1.200000  0.600000  0.600000  0.000000
219 220 222 223 4.168588 3.141593  1.200000  0.600000  0.600000  0.000000
220 222 223 225 3.106531 3.141593  1.200000  0.600000  0.600000  0.000000
222 223 225 226 1.733475 1.055924  2.300000 -0.500000  0.800000 -1.000000
