nstack 17
1 2 215 2.773978
2 215 214 2.388430
4 5 212 2.478482
5 212 211 2.784461
2 215 6.171429
5 212 5.710545
2 1 4 5 0.354533
212 211 214 215 0.441729
-14.900000 -0.037096774194
4 5 212 2.478482
5 212 211 2.784461
7 8 209 2.813702
8 209 208 2.526139
5 212 5.710545
8 209 5.649510
5 4 7 8 0.148014
209 208 211 212 0.137554
-10.600000 -0.026451612903
7 8 209 2.813702
8 209 208 2.526139
10 11 206 2.851644
11 206 205 2.035191
8 209 5.649510
11 206 6.063781
8 7 10 11 0.186288
206 205 208 209 0.060480
-8.300000 -0.021935483871
10 11 206 2.851644
11 206 205 2.035191
13 14 203 2.599110
14 203 202 2.466783
11 206 6.063781
14 203 5.843572
11 10 13 14 0.518176
203 202 205 206 0.374430
-12.800000 -0.037096774194
13 14 203 2.599110
14 203 202 2.466783
16 17 200 2.403848
17 200 199 2.601159
14 203 5.843572
17 200 5.746399
14 13 16 17 0.393040
200 199 202 203 0.347488
-9.400000 -0.026774193548
16 17 200 2.403848
17 200 199 2.601159
19 20 197 2.458626
20 197 196 2.682649
17 200 5.746399
20 197 5.707926
17 16 19 20 0.244089
197 196 199 200 0.369903
-6.800000 -0.019032258065
28 29 74 2.776112
29 74 73 2.358301
31 32 71 2.430171
32 71 70 2.787823
29 74 5.557362
32 71 5.582581
29 28 31 32 0.463021
71 70 73 74 0.453394
-14.900000 -0.037096774194
31 32 71 2.430171
32 71 70 2.787823
34 35 68 2.569312
35 68 67 2.738600
32 71 5.582581
35 68 5.896297
32 31 34 35 0.252375
68 67 70 71 0.301296
-10.500000 -0.027096774194
34 35 68 2.569312
35 68 67 2.738600
37 38 65 2.387641
38 65 64 2.805732
35 68 5.896297
38 65 5.631483
35 34 37 38 0.332302
65 64 67 68 0.224918
-12.400000 -0.032258064516
79 80 128 2.437445
80 128 127 2.909991
82 83 125 2.481078
83 125 124 2.766097
80 128 5.695878
83 125 5.749728
80 79 82 83 0.315292
125 124 127 128 0.356556
-13.400000 -0.032580645161
82 83 125 2.481078
83 125 124 2.766097
85 86 122 2.579023
86 122 121 2.515819
83 125 5.749728
86 122 5.834451
83 82 85 86 0.178507
122 121 124 125 0.201404
-10.400000 -0.026774193548
85 86 122 2.579023
86 122 121 2.515819
88 89 119 2.822489
89 119 118 2.209090
86 122 5.834451
89 119 6.000184
86 85 88 89 0.355464
119 118 121 122 0.186472
-10.500000 -0.027096774194
88 89 119 2.822489
89 119 118 2.209090
91 92 116 1.992207
92 116 115 2.775725
89 119 6.000184
92 116 6.877272
89 88 91 92 0.583123
116 115 118 119 0.460895
-12.400000 -0.032258064516
145 146 194 2.242909
146 194 193 2.793952
148 149 191 2.516000
149 191 190 2.692605
146 194 6.000024
149 191 5.762823
146 145 148 149 0.195653
191 190 193 194 0.303844
-10.500000 -0.027096774194
148 149 191 2.516000
149 191 190 2.692605
151 152 188 2.813005
152 188 187 2.440674
149 191 5.762823
152 188 5.588490
149 148 151 152 0.211015
188 187 190 191 0.162736
-10.400000 -0.026774193548
151 152 188 2.813005
152 188 187 2.440674
154 155 185 2.528506
155 185 184 2.665332
152 188 5.588490
155 185 5.797005
152 151 154 155 0.391009
185 184 187 188 0.312684
-11.400000 -0.029677419355
154 155 185 2.528506
155 185 184 2.665332
157 158 182 2.823377
158 182 181 2.343453
155 185 5.797005
158 182 5.624026
155 154 157 158 0.256972
182 181 184 185 0.288431
-10.400000 -0.026774193548
