nangle 149
1 3 4 1.554432
3 4 6 1.443470
4 6 7 1.560462
6 7 9 1.552836
7 9 10 1.502861
9 10 12 1.697641
10 12 13 1.575344
12 13 15 1.377388
13 15 16 1.472798
15 16 18 1.607022
16 18 19 1.615007
18 19 21 2.038905
19 21 22 1.858176
21 22 24 1.144830
22 24 25 2.176945
24 25 27 1.905733
25 27 28 1.818481
27 28 30 1.684480
28 30 31 1.654200
30 31 33 1.512723
31 33 34 1.490856
33 34 36 1.556785
34 36 37 1.476258
36 37 39 1.855345
37 39 40 1.537383
39 40 42 1.417009
40 42 43 1.451868
42 43 45 1.425162
43 45 46 1.423504
45 46 48 1.947101
46 48 49 1.706762
48 49 51 2.135105
49 51 52 1.413947
51 52 54 2.063746
52 54 55 1.991791
54 55 57 2.159850
55 57 58 2.008707
57 58 60 1.185557
58 60 61 1.334553
60 61 63 1.836979
61 63 64 1.659505
63 64 66 1.686313
64 66 67 1.586377
66 67 69 1.536649
67 69 70 1.513102
69 70 72 1.411451
70 72 73 1.478072
72 73 75 1.545649
73 75 76 1.491938
75 76 78 1.429561
76 78 79 1.511603
78 79 81 1.494991
79 81 82 1.606687
81 82 84 1.477882
82 84 85 1.502025
84 85 87 1.594215
85 87 88 1.514787
87 88 90 1.565170
88 90 91 1.502393
90 91 93 1.402261
91 93 94 1.444935
93 94 96 1.520497
94 96 97 1.594046
96 97 99 1.411309
97 99 100 1.539945
99 100 102 1.650951
100 102 103 1.413199
102 103 105 1.451093
103 105 106 1.351007
105 106 108 1.587614
106 108 109 1.478362
108 109 111 1.512037
109 111 112 1.523347
111 112 114 1.298368
112 114 115 1.439947
114 115 117 1.484062
115 117 118 1.524590
117 118 120 1.561870
118 120 121 1.583506
120 121 123 1.358364
121 123 124 1.484447
123 124 126 1.676967
124 126 127 1.542390
126 127 129 1.498960
127 129 130 1.452527
129 130 132 1.635167
130 132 133 1.484284
132 133 135 1.372096
133 135 136 1.912264
135 136 138 1.696482
136 138 139 1.833837
138 139 141 2.026670
139 141 142 1.866657
141 142 144 2.486913
142 144 145 1.582730
144 145 147 1.544554
145 147 148 1.581452
147 148 150 1.420877
148 150 151 1.495994
150 151 153 1.470596
151 153 154 1.449524
153 154 156 1.514906
154 156 157 1.475505
156 157 159 1.659052
157 159 160 1.585387
159 160 162 1.305768
160 162 163 1.475379
162 163 165 1.376712
163 165 166 1.617060
165 166 168 1.530298
166 168 169 1.487594
168 169 171 1.537331
169 171 172 1.867809
171 172 174 2.160732
172 174 175 1.709843
174 175 177 1.600525
175 177 178 1.525867
177 178 180 2.195753
178 180 181 1.618225
180 181 183 1.364441
181 183 184 1.557871
183 184 186 1.386292
184 186 187 1.481530
186 187 189 1.544705
187 189 190 1.513167
189 190 192 1.387664
190 192 193 1.436393
192 193 195 1.575537
193 195 196 1.572344
195 196 198 1.456308
196 198 199 1.461619
198 199 201 1.568908
199 201 202 1.542022
201 202 204 1.477223
202 204 205 1.511163
204 205 207 1.533130
205 207 208 1.569538
207 208 210 1.576188
208 210 211 1.505863
210 211 213 1.554618
211 213 214 1.554100
213 214 216 1.588265
214 216 217 1.497108
216 217 219 1.460424
217 219 220 1.580125
219 220 222 1.416798
220 222 223 1.452396
222 223 225 1.339655
223 225 226 1.731749
