nelectro 2775
3 6
3 9
3 12
3 15
3 18
3 21
3 24
3 27
3 30
3 33
3 36
3 39
3 42
3 45
3 48
3 51
3 54
3 57
3 60
3 63
3 66
3 69
3 72
3 75
3 78
3 81
3 84
3 87
3 90
3 93
3 96
3 99
3 102
3 105
3 108
3 111
3 114
3 117
3 120
3 123
3 126
3 129
3 132
3 135
3 138
3 141
3 144
3 147
3 150
3 153
3 156
3 159
3 162
3 165
3 168
3 171
3 174
3 177
3 180
3 183
3 186
3 189
3 192
3 195
3 198
3 201
3 204
3 207
3 210
3 213
3 216
3 219
3 222
3 225
6 9
6 12
6 15
6 18
6 21
6 24
6 27
6 30
6 33
6 36
6 39
6 42
6 45
6 48
6 51
6 54
6 57
6 60
6 63
6 66
6 69
6 72
6 75
6 78
6 81
6 84
6 87
6 90
6 93
6 96
6 99
6 102
6 105
6 108
6 111
6 114
6 117
6 120
6 123
6 126
6 129
6 132
6 135
6 138
6 141
6 144
6 147
6 150
6 153
6 156
6 159
6 162
6 165
6 168
6 171
6 174
6 177
6 180
6 183
6 186
6 189
6 192
6 195
6 198
6 201
6 204
6 207
6 210
6 213
6 216
6 219
6 222
6 225
9 12
9 15
9 18
9 21
9 24
9 27
9 30
9 33
9 36
9 39
9 42
9 45
9 48
9 51
9 54
9 57
9 60
9 63
9 66
9 69
9 72
9 75
9 78
9 81
9 84
9 87
9 90
9 93
9 96
9 99
9 102
9 105
9 108
9 111
9 114
9 117
9 120
9 123
9 126
9 129
9 132
9 135
9 138
9 141
9 144
9 147
9 150
9 153
9 156
9 159
9 162
9 165
9 168
9 171
9 174
9 177
9 180
9 183
9 186
9 189
9 192
9 195
9 198
9 201
9 204
9 207
9 210
9 213
9 216
9 219
9 222
9 225
12 15
12 18
12 21
12 24
12 27
12 30
12 33
12 36
12 39
12 42
12 45
12 48
12 51
12 54
12 57
12 60
12 63
12 66
12 69
12 72
12 75
12 78
12 81
12 84
12 87
12 90
12 93
12 96
12 99
12 102
12 105
12 108
12 111
12 114
12 117
12 120
12 123
12 126
12 129
12 132
12 135
12 138
12 141
12 144
12 147
12 150
12 153
12 156
12 159
12 162
12 165
12 168
12 171
12 174
12 177
12 180
12 183
12 186
12 189
12 192
12 195
12 198
12 201
12 204
12 207
12 210
12 213
12 216
12 219
12 222
12 225
15 18
15 21
15 24
15 27
15 30
15 33
15 36
15 39
15 42
15 45
15 48
15 51
15 54
15 57
15 60
15 63
15 66
15 69
15 72
15 75
15 78
15 81
15 84
15 87
15 90
15 93
15 96
15 99
15 102
15 105
15 108
15 111
15 114
15 117
15 120
15 123
15 126
15 129
15 132
15 135
15 138
15 141
15 144
15 147
15 150
15 153
15 156
15 159
15 162
15 165
15 168
15 171
15 174
15 177
15 180
15 183
15 186
15 189
15 192
15 195
15 198
15 201
15 204
15 207
15 210
15 213
15 216
15 219
15 222
15 225
18 21
18 24
18 27
18 30
18 33
18 36
18 39
18 42
18 45
18 48
18 51
18 54
18 57
18 60
18 63
18 66
18 69
18 72
18 75
18 78
18 81
18 84
18 87
18 90
18 93
18 96
18 99
18 102
18 105
18 108
18 111
18 114
18 117
18 120
18 123
18 126
18 129
18 132
18 135
18 138
18 141
18 144
18 147
18 150
18 153
18 156
18 159
18 162
18 165
18 168
18 171
18 174
18 177
18 180
18 183
18 186
18 189
18 192
18 195
18 198
18 201
18 204
18 207
18 210
18 213
18 216
18 219
18 222
18 225
21 24
21 27
21 30
21 33
21 36
21 39
21 42
21 45
21 48
21 51
21 54
21 57
21 60
21 63
21 66
21 69
21 72
21 75
21 78
21 81
21 84
21 87
21 90
21 93
21 96
21 99
21 102
21 105
21 108
21 111
21 114
21 117
21 120
21 123
21 126
21 129
21 132
21 135
21 138
21 141
21 144
21 147
21 150
21 153
21 156
21 159
21 162
21 165
21 168
21 171
21 174
21 177
21 180
21 183
21 186
21 189
21 192
21 195
21 198
21 201
21 204
21 207
21 210
21 213
21 216
21 219
21 222
21 225
24 27
24 30
24 33
24 36
24 39
24 42
24 45
24 48
24 51
24 54
24 57
24 60
24 63
24 66
24 69
24 72
24 75
24 78
24 81
24 84
24 87
24 90
24 93
24 96
24 99
24 102
24 105
24 108
24 111
24 114
24 117
24 120
24 123
24 126
24 129
24 132
24 135
24 138
24 141
24 144
24 147
24 150
24 153
24 156
24 159
24 162
24 165
24 168
24 171
24 174
24 177
24 180
24 183
24 186
24 189
24 192
24 195
24 198
24 201
24 204
24 207
24 210
24 213
24 216
24 219
24 222
24 225
27 30
27 33
27 36
27 39
27 42
27 45
27 48
27 51
27 54
27 57
27 60
27 63
27 66
27 69
27 72
27 75
27 78
27 81
27 84
27 87
27 90
27 93
27 96
27 99
27 102
27 105
27 108
27 111
27 114
27 117
27 120
27 123
27 126
27 129
27 132
27 135
27 138
27 141
27 144
27 147
27 150
27 153
27 156
27 159
27 162
27 165
27 168
27 171
27 174
27 177
27 180
27 183
27 186
27 189
27 192
27 195
27 198
27 201
27 204
27 207
27 210
27 213
27 216
27 219
27 222
27 225
30 33
30 36
30 39
30 42
30 45
30 48
30 51
30 54
30 57
30 60
30 63
30 66
30 69
30 72
30 75
30 78
30 81
30 84
30 87
30 90
30 93
30 96
30 99
30 102
30 105
30 108
30 111
30 114
30 117
30 120
30 123
30 126
30 129
30 132
30 135
30 138
30 141
30 144
30 147
30 150
30 153
30 156
30 159
30 162
30 165
30 168
30 171
30 174
30 177
30 180
30 183
30 186
30 189
30 192
30 195
30 198
30 201
30 204
30 207
30 210
30 213
30 216
30 219
30 222
30 225
33 36
33 39
33 42
33 45
33 48
33 51
33 54
33 57
33 60
33 63
33 66
33 69
33 72
33 75
33 78
33 81
33 84
33 87
33 90
33 93
33 96
33 99
33 102
33 105
33 108
33 111
33 114
33 117
33 120
33 123
33 126
33 129
33 132
33 135
33 138
33 141
33 144
33 147
33 150
33 153
33 156
33 159
33 162
33 165
33 168
33 171
33 174
33 177
33 180
33 183
33 186
33 189
33 192
33 195
33 198
33 201
33 204
33 207
33 210
33 213
33 216
33 219
33 222
33 225
36 39
36 42
36 45
36 48
36 51
36 54
36 57
36 60
36 63
36 66
36 69
36 72
36 75
36 78
36 81
36 84
36 87
36 90
36 93
36 96
36 99
36 102
36 105
36 108
36 111
36 114
36 117
36 120
36 123
36 126
36 129
36 132
36 135
36 138
36 141
36 144
36 147
36 150
36 153
36 156
36 159
36 162
36 165
36 168
36 171
36 174
36 177
36 180
36 183
36 186
36 189
36 192
36 195
36 198
36 201
36 204
36 207
36 210
36 213
36 216
36 219
36 222
36 225
39 42
39 45
39 48
39 51
39 54
39 57
39 60
39 63
39 66
39 69
39 72
39 75
39 78
39 81
39 84
39 87
39 90
39 93
39 96
39 99
39 102
39 105
39 108
39 111
39 114
39 117
39 120
39 123
39 126
39 129
39 132
39 135
39 138
39 141
39 144
39 147
39 150
39 153
39 156
39 159
39 162
39 165
39 168
39 171
39 174
39 177
39 180
39 183
39 186
39 189
39 192
39 195
39 198
39 201
39 204
39 207
39 210
39 213
39 216
39 219
39 222
39 225
42 45
42 48
42 51
42 54
42 57
42 60
42 63
42 66
42 69
42 72
42 75
42 78
42 81
42 84
42 87
42 90
42 93
42 96
42 99
42 102
42 105
42 108
42 111
42 114
42 117
42 120
42 123
42 126
42 129
42 132
42 135
42 138
42 141
42 144
42 147
42 150
42 153
42 156
42 159
42 162
42 165
42 168
42 171
42 174
42 177
42 180
42 183
42 186
42 189
42 192
42 195
42 198
42 201
42 204
42 207
42 210
42 213
42 216
42 219
42 222
42 225
45 48
45 51
45 54
45 57
45 60
45 63
45 66
45 69
45 72
45 75
45 78
45 81
45 84
45 87
45 90
45 93
45 96
45 99
45 102
45 105
45 108
45 111
45 114
45 117
45 120
45 123
45 126
45 129
45 132
45 135
45 138
45 141
45 144
45 147
45 150
45 153
45 156
45 159
45 162
45 165
45 168
45 171
45 174
45 177
45 180
45 183
45 186
45 189
45 192
45 195
45 198
45 201
45 204
45 207
45 210
45 213
45 216
45 219
45 222
45 225
48 51
48 54
48 57
48 60
48 63
48 66
48 69
48 72
48 75
48 78
48 81
48 84
48 87
48 90
48 93
48 96
48 99
48 102
48 105
48 108
48 111
48 114
48 117
48 120
48 123
48 126
48 129
48 132
48 135
48 138
48 141
48 144
48 147
48 150
48 153
48 156
48 159
48 162
48 165
48 168
48 171
48 174
48 177
48 180
48 183
48 186
48 189
48 192
48 195
48 198
48 201
48 204
48 207
48 210
48 213
48 216
48 219
48 222
48 225
51 54
51 57
51 60
51 63
51 66
51 69
51 72
51 75
51 78
51 81
51 84
51 87
51 90
51 93
51 96
51 99
51 102
51 105
51 108
51 111
51 114
51 117
51 120
51 123
51 126
51 129
51 132
51 135
51 138
51 141
51 144
51 147
51 150
51 153
51 156
51 159
51 162
51 165
51 168
51 171
51 174
51 177
51 180
51 183
51 186
51 189
51 192
51 195
51 198
51 201
51 204
51 207
51 210
51 213
51 216
51 219
51 222
51 225
54 57
54 60
54 63
54 66
54 69
54 72
54 75
54 78
54 81
54 84
54 87
54 90
54 93
54 96
54 99
54 102
54 105
54 108
54 111
54 114
54 117
54 120
54 123
54 126
54 129
54 132
54 135
54 138
54 141
54 144
54 147
54 150
54 153
54 156
54 159
54 162
54 165
54 168
54 171
54 174
54 177
54 180
54 183
54 186
54 189
54 192
54 195
54 198
54 201
54 204
54 207
54 210
54 213
54 216
54 219
54 222
54 225
57 60
57 63
57 66
57 69
57 72
57 75
57 78
57 81
57 84
57 87
57 90
57 93
57 96
57 99
57 102
57 105
57 108
57 111
57 114
57 117
57 120
57 123
57 126
57 129
57 132
57 135
57 138
57 141
57 144
57 147
57 150
57 153
57 156
57 159
57 162
57 165
57 168
57 171
57 174
57 177
57 180
57 183
57 186
57 189
57 192
57 195
57 198
57 201
57 204
57 207
57 210
57 213
57 216
57 219
57 222
57 225
60 63
60 66
60 69
60 72
60 75
60 78
60 81
60 84
60 87
60 90
60 93
60 96
60 99
60 102
60 105
60 108
60 111
60 114
60 117
60 120
60 123
60 126
60 129
60 132
60 135
60 138
60 141
60 144
60 147
60 150
60 153
60 156
60 159
60 162
60 165
60 168
60 171
60 174
60 177
60 180
60 183
60 186
60 189
60 192
60 195
60 198
60 201
60 204
60 207
60 210
60 213
60 216
60 219
60 222
60 225
63 66
63 69
63 72
63 75
63 78
63 81
63 84
63 87
63 90
63 93
63 96
63 99
63 102
63 105
63 108
63 111
63 114
63 117
63 120
63 123
63 126
63 129
63 132
63 135
63 138
63 141
63 144
63 147
63 150
63 153
63 156
63 159
63 162
63 165
63 168
63 171
63 174
63 177
63 180
63 183
63 186
63 189
63 192
63 195
63 198
63 201
63 204
63 207
63 210
63 213
63 216
63 219
63 222
63 225
66 69
66 72
66 75
66 78
66 81
66 84
66 87
66 90
66 93
66 96
66 99
66 102
66 105
66 108
66 111
66 114
66 117
66 120
66 123
66 126
66 129
66 132
66 135
66 138
66 141
66 144
66 147
66 150
66 153
66 156
66 159
66 162
66 165
66 168
66 171
66 174
66 177
66 180
66 183
66 186
66 189
66 192
66 195
66 198
66 201
66 204
66 207
66 210
66 213
66 216
66 219
66 222
66 225
69 72
69 75
69 78
69 81
69 84
69 87
69 90
69 93
69 96
69 99
69 102
69 105
69 108
69 111
69 114
69 117
69 120
69 123
69 126
69 129
69 132
69 135
69 138
69 141
69 144
69 147
69 150
69 153
69 156
69 159
69 162
69 165
69 168
69 171
69 174
69 177
69 180
69 183
69 186
69 189
69 192
69 195
69 198
69 201
69 204
69 207
69 210
69 213
69 216
69 219
69 222
69 225
72 75
72 78
72 81
72 84
72 87
72 90
72 93
72 96
72 99
72 102
72 105
72 108
72 111
72 114
72 117
72 120
72 123
72 126
72 129
72 132
72 135
72 138
72 141
72 144
72 147
72 150
72 153
72 156
72 159
72 162
72 165
72 168
72 171
72 174
72 177
72 180
72 183
72 186
72 189
72 192
72 195
72 198
72 201
72 204
72 207
72 210
72 213
72 216
72 219
72 222
72 225
75 78
75 81
75 84
75 87
75 90
75 93
75 96
75 99
75 102
75 105
75 108
75 111
75 114
75 117
75 120
75 123
75 126
75 129
75 132
75 135
75 138
75 141
75 144
75 147
75 150
75 153
75 156
75 159
75 162
75 165
75 168
75 171
75 174
75 177
75 180
75 183
75 186
75 189
75 192
75 195
75 198
75 201
75 204
75 207
75 210
75 213
75 216
75 219
75 222
75 225
78 81
78 84
78 87
78 90
78 93
78 96
78 99
78 102
78 105
78 108
78 111
78 114
78 117
78 120
78 123
78 126
78 129
78 132
78 135
78 138
78 141
78 144
78 147
78 150
78 153
78 156
78 159
78 162
78 165
78 168
78 171
78 174
78 177
78 180
78 183
78 186
78 189
78 192
78 195
78 198
78 201
78 204
78 207
78 210
78 213
78 216
78 219
78 222
78 225
81 84
81 87
81 90
81 93
81 96
81 99
81 102
81 105
81 108
81 111
81 114
81 117
81 120
81 123
81 126
81 129
81 132
81 135
81 138
81 141
81 144
81 147
81 150
81 153
81 156
81 159
81 162
81 165
81 168
81 171
81 174
81 177
81 180
81 183
81 186
81 189
81 192
81 195
81 198
81 201
81 204
81 207
81 210
81 213
81 216
81 219
81 222
81 225
84 87
84 90
84 93
84 96
84 99
84 102
84 105
84 108
84 111
84 114
84 117
84 120
84 123
84 126
84 129
84 132
84 135
84 138
84 141
84 144
84 147
84 150
84 153
84 156
84 159
84 162
84 165
84 168
84 171
84 174
84 177
84 180
84 183
84 186
84 189
84 192
84 195
84 198
84 201
84 204
84 207
84 210
84 213
84 216
84 219
84 222
84 225
87 90
87 93
87 96
87 99
87 102
87 105
87 108
87 111
87 114
87 117
87 120
87 123
87 126
87 129
87 132
87 135
87 138
87 141
87 144
87 147
87 150
87 153
87 156
87 159
87 162
87 165
87 168
87 171
87 174
87 177
87 180
87 183
87 186
87 189
87 192
87 195
87 198
87 201
87 204
87 207
87 210
87 213
87 216
87 219
87 222
87 225
90 93
90 96
90 99
90 102
90 105
90 108
90 111
90 114
90 117
90 120
90 123
90 126
90 129
90 132
90 135
90 138
90 141
90 144
90 147
90 150
90 153
90 156
90 159
90 162
90 165
90 168
90 171
90 174
90 177
90 180
90 183
90 186
90 189
90 192
90 195
90 198
90 201
90 204
90 207
90 210
90 213
90 216
90 219
90 222
90 225
93 96
93 99
93 102
93 105
93 108
93 111
93 114
93 117
93 120
93 123
93 126
93 129
93 132
93 135
93 138
93 141
93 144
93 147
93 150
93 153
93 156
93 159
93 162
93 165
93 168
93 171
93 174
93 177
93 180
93 183
93 186
93 189
93 192
93 195
93 198
93 201
93 204
93 207
93 210
93 213
93 216
93 219
93 222
93 225
96 99
96 102
96 105
96 108
96 111
96 114
96 117
96 120
96 123
96 126
96 129
96 132
96 135
96 138
96 141
96 144
96 147
96 150
96 153
96 156
96 159
96 162
96 165
96 168
96 171
96 174
96 177
96 180
96 183
96 186
96 189
96 192
96 195
96 198
96 201
96 204
96 207
96 210
96 213
96 216
96 219
96 222
96 225
99 102
99 105
99 108
99 111
99 114
99 117
99 120
99 123
99 126
99 129
99 132
99 135
99 138
99 141
99 144
99 147
99 150
99 153
99 156
99 159
99 162
99 165
99 168
99 171
99 174
99 177
99 180
99 183
99 186
99 189
99 192
99 195
99 198
99 201
99 204
99 207
99 210
99 213
99 216
99 219
99 222
99 225
102 105
102 108
102 111
102 114
102 117
102 120
102 123
102 126
102 129
102 132
102 135
102 138
102 141
102 144
102 147
102 150
102 153
102 156
102 159
102 162
102 165
102 168
102 171
102 174
102 177
102 180
102 183
102 186
102 189
102 192
102 195
102 198
102 201
102 204
102 207
102 210
102 213
102 216
102 219
102 222
102 225
105 108
105 111
105 114
105 117
105 120
105 123
105 126
105 129
105 132
105 135
105 138
105 141
105 144
105 147
105 150
105 153
105 156
105 159
105 162
105 165
105 168
105 171
105 174
105 177
105 180
105 183
105 186
105 189
105 192
105 195
105 198
105 201
105 204
105 207
105 210
105 213
105 216
105 219
105 222
105 225
108 111
108 114
108 117
108 120
108 123
108 126
108 129
108 132
108 135
108 138
108 141
108 144
108 147
108 150
108 153
108 156
108 159
108 162
108 165
108 168
108 171
108 174
108 177
108 180
108 183
108 186
108 189
108 192
108 195
108 198
108 201
108 204
108 207
108 210
108 213
108 216
108 219
108 222
108 225
111 114
111 117
111 120
111 123
111 126
111 129
111 132
111 135
111 138
111 141
111 144
111 147
111 150
111 153
111 156
111 159
111 162
111 165
111 168
111 171
111 174
111 177
111 180
111 183
111 186
111 189
111 192
111 195
111 198
111 201
111 204
111 207
111 210
111 213
111 216
111 219
111 222
111 225
114 117
114 120
114 123
114 126
114 129
114 132
114 135
114 138
114 141
114 144
114 147
114 150
114 153
114 156
114 159
114 162
114 165
114 168
114 171
114 174
114 177
114 180
114 183
114 186
114 189
114 192
114 195
114 198
114 201
114 204
114 207
114 210
114 213
114 216
114 219
114 222
114 225
117 120
117 123
117 126
117 129
117 132
117 135
117 138
117 141
117 144
117 147
117 150
117 153
117 156
117 159
117 162
117 165
117 168
117 171
117 174
117 177
117 180
117 183
117 186
117 189
117 192
117 195
117 198
117 201
117 204
117 207
117 210
117 213
117 216
117 219
117 222
117 225
120 123
120 126
120 129
120 132
120 135
120 138
120 141
120 144
120 147
120 150
120 153
120 156
120 159
120 162
120 165
120 168
120 171
120 174
120 177
120 180
120 183
120 186
120 189
120 192
120 195
120 198
120 201
120 204
120 207
120 210
120 213
120 216
120 219
120 222
120 225
123 126
123 129
123 132
123 135
123 138
123 141
123 144
123 147
123 150
123 153
123 156
123 159
123 162
123 165
123 168
123 171
123 174
123 177
123 180
123 183
123 186
123 189
123 192
123 195
123 198
123 201
123 204
123 207
123 210
123 213
123 216
123 219
123 222
123 225
126 129
126 132
126 135
126 138
126 141
126 144
126 147
126 150
126 153
126 156
126 159
126 162
126 165
126 168
126 171
126 174
126 177
126 180
126 183
126 186
126 189
126 192
126 195
126 198
126 201
126 204
126 207
126 210
126 213
126 216
126 219
126 222
126 225
129 132
129 135
129 138
129 141
129 144
129 147
129 150
129 153
129 156
129 159
129 162
129 165
129 168
129 171
129 174
129 177
129 180
129 183
129 186
129 189
129 192
129 195
129 198
129 201
129 204
129 207
129 210
129 213
129 216
129 219
129 222
129 225
132 135
132 138
132 141
132 144
132 147
132 150
132 153
132 156
132 159
132 162
132 165
132 168
132 171
132 174
132 177
132 180
132 183
132 186
132 189
132 192
132 195
132 198
132 201
132 204
132 207
132 210
132 213
132 216
132 219
132 222
132 225
135 138
135 141
135 144
135 147
135 150
135 153
135 156
135 159
135 162
135 165
135 168
135 171
135 174
135 177
135 180
135 183
135 186
135 189
135 192
135 195
135 198
135 201
135 204
135 207
135 210
135 213
135 216
135 219
135 222
135 225
138 141
138 144
138 147
138 150
138 153
138 156
138 159
138 162
138 165
138 168
138 171
138 174
138 177
138 180
138 183
138 186
138 189
138 192
138 195
138 198
138 201
138 204
138 207
138 210
138 213
138 216
138 219
138 222
138 225
141 144
141 147
141 150
141 153
141 156
141 159
141 162
141 165
141 168
141 171
141 174
141 177
141 180
141 183
141 186
141 189
141 192
141 195
141 198
141 201
141 204
141 207
141 210
141 213
141 216
141 219
141 222
141 225
144 147
144 150
144 153
144 156
144 159
144 162
144 165
144 168
144 171
144 174
144 177
144 180
144 183
144 186
144 189
144 192
144 195
144 198
144 201
144 204
144 207
144 210
144 213
144 216
144 219
144 222
144 225
147 150
147 153
147 156
147 159
147 162
147 165
147 168
147 171
147 174
147 177
147 180
147 183
147 186
147 189
147 192
147 195
147 198
147 201
147 204
147 207
147 210
147 213
147 216
147 219
147 222
147 225
150 153
150 156
150 159
150 162
150 165
150 168
150 171
150 174
150 177
150 180
150 183
150 186
150 189
150 192
150 195
150 198
150 201
150 204
150 207
150 210
150 213
150 216
150 219
150 222
150 225
153 156
153 159
153 162
153 165
153 168
153 171
153 174
153 177
153 180
153 183
153 186
153 189
153 192
153 195
153 198
153 201
153 204
153 207
153 210
153 213
153 216
153 219
153 222
153 225
156 159
156 162
156 165
156 168
156 171
156 174
156 177
156 180
156 183
156 186
156 189
156 192
156 195
156 198
156 201
156 204
156 207
156 210
156 213
156 216
156 219
156 222
156 225
159 162
159 165
159 168
159 171
159 174
159 177
159 180
159 183
159 186
159 189
159 192
159 195
159 198
159 201
159 204
159 207
159 210
159 213
159 216
159 219
159 222
159 225
162 165
162 168
162 171
162 174
162 177
162 180
162 183
162 186
162 189
162 192
162 195
162 198
162 201
162 204
162 207
162 210
162 213
162 216
162 219
162 222
162 225
165 168
165 171
165 174
165 177
165 180
165 183
165 186
165 189
165 192
165 195
165 198
165 201
165 204
165 207
165 210
165 213
165 216
165 219
165 222
165 225
168 171
168 174
168 177
168 180
168 183
168 186
168 189
168 192
168 195
168 198
168 201
168 204
168 207
168 210
168 213
168 216
168 219
168 222
168 225
171 174
171 177
171 180
171 183
171 186
171 189
171 192
171 195
171 198
171 201
171 204
171 207
171 210
171 213
171 216
171 219
171 222
171 225
174 177
174 180
174 183
174 186
174 189
174 192
174 195
174 198
174 201
174 204
174 207
174 210
174 213
174 216
174 219
174 222
174 225
177 180
177 183
177 186
177 189
177 192
177 195
177 198
177 201
177 204
177 207
177 210
177 213
177 216
177 219
177 222
177 225
180 183
180 186
180 189
180 192
180 195
180 198
180 201
180 204
180 207
180 210
180 213
180 216
180 219
180 222
180 225
183 186
183 189
183 192
183 195
183 198
183 201
183 204
183 207
183 210
183 213
183 216
183 219
183 222
183 225
186 189
186 192
186 195
186 198
186 201
186 204
186 207
186 210
186 213
186 216
186 219
186 222
186 225
189 192
189 195
189 198
189 201
189 204
189 207
189 210
189 213
189 216
189 219
189 222
189 225
192 195
192 198
192 201
192 204
192 207
192 210
192 213
192 216
192 219
192 222
192 225
195 198
195 201
195 204
195 207
195 210
195 213
195 216
195 219
195 222
195 225
198 201
198 204
198 207
198 210
198 213
198 216
198 219
198 222
198 225
201 204
201 207
201 210
201 213
201 216
201 219
201 222
201 225
204 207
204 210
204 213
204 216
204 219
204 222
204 225
207 210
207 213
207 216
207 219
207 222
207 225
210 213
210 216
210 219
210 222
210 225
213 216
213 219
213 222
213 225
216 219
216 222
216 225
219 222
219 225
222 225
